# apr 3 1955

135
65
70
170
137.50
65
80
57.60
60
75
70
65
70
97.50
75
65
55
45
67.50
125
50
50
75
45
65
75
55
70
95
135
65
55
110
150
150
62.50
135
125
90
80
67.50
75
95
85
115
65
60
90
65
75
65
90
82.50
65
75
140
77.50
55
90
85
77.50
77.50
65
90
60
190
155
75

120
100
100
105
25
50
48
33
37
57.50
57.50
65
65
65
79.50
80
80
85
90
130
90
110
115
125
120
170
325
120
180
95
100
80

# flats

54
80
115
100
100
85
25
30
37
39
40
45
50
55
60
67
70
70
70
75
80
100
100
115
85
65
90
95
175
130
60
110
100
105
100
85
45
70
75
125
90
90
35
40
50
50
50
55
56
60
70
75
80
225
250
45

# houses

100
110
85
200
50
30
50
65
75
95
96
101
115
175
125
