# Apr 7 1957

140
150
170
375
350
650
125
79.50
195
67.50
275
50
63
100
80
67
67.50
45
140
50
55
225
110
195
225
175
130
125
225
95
90
125
75
90
130
160
325
90
65
55
60
65
95
80
215
250
160
160
185
75
60
85
90
95
155
165
185
200
125
200
175
150
185
125
200
90
70
55
55
55
75
70
80
75
87
100
150
200

# unreadable

# flats

120
160
150

# unreadable

# houses

35
40
55
60
75
75
80
80
135
145
365

# Apr 14 1957

90
285
65
75
100
130
80
65
135
150
70
80
140
130
45
52.50
67.50
110
185
100
175
75
107.50
125
125
50
150
130
90
90
65
215
250
215
200
160
75
75
95
65
140
170

75
200
130
37
40
45
47.50
50
75
52
55
55
55
60
63
65
75
75
87
65
65
67
69
69.50
70
70
70
70
70
75
75
75
75
75
80
90
80
80
86
90
90
95
100
130
190
200

# flats

135
87
150
40
42
43
46
50
50
50
55
60
60
65
62.50
65
67
70
75
75
75
77.50
80
80
95
80
65
85
85
95
105
110
110
110
110
125
125
135
200
210
225

# houses

130
32
40
40
50
50
60
65
65
75
75
75
80
110
135
150
165



