# Apr 6 1958

65
140
150
110
65
85
150
95
75
67.50

110
135
115
95
100
110
275
165
67.50
110
75
375
200
265
190
190
120
130
80
155
115
110
75
160
57.50
110
200
150
75
135
110
60
100
100
50
150

35
45
45
50
75
50
55
55
55
60
60
60
62.50
65
65
67
70
70
70
75
100
75
90
90
95
100
105
115
125
145
160
210
175

# flats

50
75
70
85
75
70
60
57
95
300
200
265
95
95
125
150
225
145
175
92
50
75
50
55
65
65
65
65
67.50
75
150
75
75
75
75
75
80
85
90
105
115
120
140
195

# houses

80
400
325
175
125
150
45
45
70
75
85
100
110
115
115
120
125
125


