# Apr 5 1959

65
75
160
125
100
115
85
120
70
65
155
200
125
100
90
77.50
135
130
80
110
135
125
77
65
115
90
100
125
140
100
135
135
85
95
85
95
135
225
60
200
140
165
385
185
135
150
265
285
160
237.50
130
110
135
285
115
120
110
225
165
110
120
150
125
110
115
130
105
120
130
100
90
95
75
115
165

100
100
85
115
350
345
275
120
140
92
90
130
120
110
115
160
85
130
450
115
100
130
275
130
175
120
195
200
185
115
130
125
150
135
110
65
135
90
77.50
65
4
50
50
52
55
58
60
67.50
70
70
75
70
75
75
75
80
5
90
90
97.50
100
100
100
110
110
115
125
115
117.50
120
125

125
135
140
145
150
215
275
325

# flats

125
185
180
195
180
120
75
100
125
90
70
285
130
85
85
90
90
175
75
80
175
135
50
65
67
100
42
60
60
60
60
60
65
65
67
75
75
80
90
95
100
110
110
115
115
130
165

# houses

115
175
150
150
165
500
125
42
65
74
75
89
95
105
115
125
150
200

