# apr 3 1960

135
135
125
115
125
120
225
57.50
135
90
165
105
78
78
55
65
225
325
525
550
700
125
115
90
110
85
135
105
90
110
110
80
125
105
125
89
90
75
88.50
115
92.50
135
175
195
145
90
100
75
160
75
75
95
225
95
110
100
85
90
95
120
165
190
375
165
85
135
120
100
115
175
125
135
125
200
100
250
65
75
120
155
90
100

100
100
82.50
122.50
180
75
97.50
80
550
105
250
225
300
85
150
100
115
85
150
185
185
190
185
85
137.50
175
185
110
155
180
275
125
150
100
47.50
50
45
55
65
70
53
55
55
57.50
60
60
65
65
65
75
67.50
70
70
70
70
70
73.50
75
85
75
75
75
75
75
75
75
79
90
80
80
80
85
85
85
85
87.50
89
89.50
90
90
90
90
85
100
110
95
100
95
100
95
95
97.50
100
100
100
100
100
100
100
100
100
105
110
110
160
110
110
115
120
115
125
115
115
115
115
115
116.50
125
125
125
127.50
127.50
129
130
130
135
135
135
135
135
140
140
140
145
150
150
150
170
155
160
165
225
165
165
180
200
210
225
225
275
350
400
475

# flats

125
235
174.50
150
160
160
120
110
65
110
5
85
135
85
175
120
175
95
190
100
135
40
40
55
55
60
65
65
68
70
75
80
85
89
95
89
95
95
100
110
120
120
120
125
125
145
150
150
150
150
165
154
175
185
175
250

# houses

115
80
150
140
95
60
65
80
85
85
110
115
125
125
130
150
165
300
