# apr 2 1961
# apartments unfurnished

125
150
100
145
105
100
70
115
115
82.50
95

100
75
140
165
115
125
170
185
125
80
63
158
125
88.50
110
190
95
350
130
125
110
90
80
160
350
145
150
275
225
210
125
135
175
145
240
145
160
130
175
90
125
115
110
75
110
75
115
95
79.50
75
125
100
200
275
125
125
145
250
155
175
160
125
125
200
160
135
170
130
135
85
300
220
135
70
75
85
45
50
65
50
50
50
50
52.50
55
55
57.50
62
62.50
65
65
65
65
68
68
70
70
70
70
75
80
90
125
75
80
75
75
75
75
75
75
75
75
75
75
80
80
80
80
80
85
85
85
85
85
87.50
90
90
94.50

90
90
90
95
95
95
95
95
95
95
95
97.50
100
100
100
100
100
100
100
100
100
105
105
110
110
110
120
110
110
110
110
115
115
115
115
115
115
115
115
120
120
120
120
120
120
125
125
125
125
125
125
125
135
126.50
130
130
135
135

135
135
135
135
155
135
135
140
140
145
155
155
165
165
175
165
165
175
175
175
180
190
205
225
225
250
275
385
450
475
475

# flats unfurnished

135
250
135
100
190
90
550
300
300
200
120
130
135
180
120
100
110
75
125
115
50
55
65
55
55
60
65
70
70
75
75
80
80
80
80
85
85
88
90
90
95
100
115
120
120
120
125
125
125
125
125
125
135
135
135
140
140
160
160
210
225
250
275
375

# houses

125
170
500
375
90
180
58
75
75
80
85
90
95
100
100
110
110
125
130
135
150
150
165
165
165
350
