# apr 1 1962

200
125
110
80
170
135
95
120
110
95
115
135
125
150
105
150
110
140
200
118
125
185
85
150
105
120
100
70
90
125
110
75
85
110
160
190
190
165
80
145
160
75
165
130
250
375
145
235
135
150
150
250
180
225
250
165
135
155
115
95
90
125
95
140
145
150
170
70
95
95
235
150
155
120
150
90
210
135
165
140
10
110
120
335
110
125
200
125
60
180
85
155
80
105
110
150
175
275
150
125
85
165
140
135
145
250
225
75
130
140
95
75
105
175
60
105
50
52.50
55
72.50
55
57
60
62
55
65
65
66
80
90
100
105
105
115
116
70
70
87.50
95
68
69.50
70
70
70
70
72.50
75
80
75
75
75

75
75
75
75
75
75
80
80
80
85
80
80
80
80
80
80
82.50
85
85
85
85
85
85
85
85
87.50
89
90
90
90
90
90
90
90
90
90
90
90
92
92.50
95
95
95
95
95
95
95
95
95
97.50
99.50
100
100
100
100
105
110
110
110
110
110
110
110
115
115
115
115
115
115
115
115
120
120
120
125
125
125
125
125
150
125
125
125
125
125
125
125
130
130
155
130
130
130
135
135
135
135
135
135
135
136
135
185
135
135
140
140
145
150
150
160
150
150
150
160
160
160
150
160
160
160
165
165
190
195
195
200
275
225
235
250
275
325
350
450

# flats

200
160
175
97
120
155
145
250
120
135
170
190
350
210
140
130
150
135
250
185
225
250
150
165
185
150
50
55
60
67
75
75
75
76
80
80
85
85
85
85
87.50
97.50
90
130
100
100
100
105
105
110
110
110
110
110
115
115
115
120
125
125
125
130
135
135
135
135
135
137.50
140
150
160
190
200
275

# houses

145
250
250
800
500
150
160
65
75
75
80
95
100
100
110
115
125
135
140
150
159
160
170
175
179.50
200
275


