# apr 7 1963

125
82
135
195
155
300
180
340
125
145
85
105
250
140
50
150
305
345
110
100
105
82.50
110
125
95
120
130
135
165
80
135
155
100
115
87.50
140
185
175
575
550
485
500
550
650
525
385
135
350
140
145
90
90
85
135
165
250
150
200
225
300
150
525
250
125
285
175
115
155
275
185
150
125
150
150
110
250
125
250
79.50
170
180
340
95
165
160
85
170
133.50
140
90
70
150
145
115
125
105
115
185
185
115
325
190
345
175
130
100
150
150
155
175
175
130
175
95
140
135
130
125
160
145
142
115
95
95
105
35
160
150
250
180
250
120
135
140
125
135
125
150
110
110
155
170
160
175
100
110
130
165
125
159.75
155
85
130
155
50
55
58.60
62
65
65
65
70
80
75
95
75
75
75
75
75
75
75
75
80
80
80
80
80
82.50
85
85
85
85
85
85
85
85
89.50
90
90
90
90
95
90
90
90
95
90
95
95
95
95
95
200
95
97.50
97.50
100
100
100
110
100
100
100
110
100
100
100
100
100
150
100
100
105
105
106
106
106
105
110
110
110
110
110
110
115
115
115
115
115
115
115
115
115
115
115
115
110
120
120
120
120
125
125
135
125
125
125
125
125
135
125
125
125
125
125
125
125
125
125
129
130
130
130
130
130
130
135
150
135
135
135
135
135
135
135
135
135
135
150
150
150
140
140
145
145
145
149.50
150
150
150
150
154.50
155
165
155
155
155
155
155
155
160
160
160
165
170
175
179.50
180
185
215
185
195
200
225
250
250
265
275
300
275
300
300
350
350
375
450
550
550

# flats

120
165
125
275
105
265
300
175
275
250
350
85
120
125
110
130
150
140
175
160
130
275
55
75
75
75
80
80
85
90
95
95
95
100
100
100
100
110
110
110
110
110
115
115
115
115
120
125
125
125
125
130
130
135
150
135
135
135
135
135
135
140
140
140
145
150
150
150
150
150
150
150
150
165
165
165
170
175
185
200
200
200
200
225
250
250
250
250
275

# houses

275
105
130
350
250
175
75
80
85
85
85
110
125
125
125
135
135
135
135
140
150
160
165
165
175
175
225

