# apr 5 1964

225
115
150
120
105
150
100
135
270
135
115
110
140
150
225
140
195
147.50
130
145
125
85
150
85
87
85
135
130
115
100
135
210
245
675
190
175
165
145
250
200
119
150
150
100
150
95
145
200
275
200
240
215
135
215
200
150
210
150
190
150
160
225
180
210
325
215
135
240
200
155
90
95
110
115
152.60
110
140
175
300
265
300
375
195
345
185
250
250
500
500
185
190
165
160
85
125
185
165
145
100
155
120
120
150
135
120
120
110
210
700
450
275

325
350
150
190
85
355
135
85
110
150
220
175
160
165
155
120
90
80
250
175
155
225
135
85
95
115
170
200
135
185
100
155
220
230
80
115
115
120
135
100

250
175
350
195
135
85
85
250
115
110
135
321.50
110
125
250
360
150
220
45
50
75
120
50
60
60
65
65
70
65
85
65
70
70
70
70
70
70
72.50
75
75
75
75
75
75
100
75
75
80
77.50
80
80
80
80
80
80
80
80
80
120
80
80
82.50
85
85
85
85
85
85
85
85
85
87.50
90
90
90
90
90
90
90
90
110
90
92
95
95
95
95
95
95
95
97
97.50
98.50
99
100
135
100
100
100
100
105
105
115
110
110
110
110
110
110
110
110
110
110
110
110
115
115
115
115
115
115
115
115
115
115
115
115
115
115
115
115
115
119
120
120
120
120
120
120
120
120
120

125
185
125
125
125
125
125
125
155
125
125
125
125
125
125
125
125
125
125
135
125
130
130
130
130
130
135
135
125
135
135
135
135
135
135
135
135
135
150
138
139
140
140
140
140
140
140
140
140
145
145
145
145
145
150
150
150
150
150
155
155
155
165
190
165
165
165
165
165
165
165
170
250
170
170
170
175
175
180
255
180
185
200
200
200
200
200
200
200
210
220
225
325
225
235
240
250
250
250
265
275
275
275
325
390
450
475

# flats

175
150
225
125
155
160
190
110
400
450
350
275
300
250

185
350
295
275
165
135
350
275
250
110
150
135
250
200
135
210
250
190
50
50
70
75
85
85
85
85
85
85
85
85
85
87.50
90
90
100
90
95
95
100
100
105
110
110
110
110
115
115
115
120
120
120
120
120
120
120
135
125
125
125
125
125
125
125
125
125
125
130
130
135
135
160
135
135
135
138
139
140
140
140
140
145
145
145
145
150
150
150
150
150
155
155
? unreadable

# house

165
140
250
140
160
350
400
600
500
170
150
175
500
165
135
375
95
265
76
80
95
100
115
120
120
125
130
135
155
155
160
170
180
185
185
185
180
185
190
195
195
200
220
225
235
225
450
