# apr 4 1965

130
185
95
185
90
92.50
110
140
140
145
175
125
150
100
75
595
150
375
145
155
135
130
145
165
135
225
120
135
135
110
145
145
75
550
340
120
165
95
135
120
135
95
85
250
155
205
95
275
175
92
275
185
75
195
95
350
225
150
150
200
165
200
140
155
375
145
245
195
175
235
170
165
180
97.50
140
135
175
295
175
190
150
165
190
115
115
145
210
145
195
134.50
95
125
130
170
120
150
85
130
125
140
135
125
100
140
125
100
145
100
210
125
200
195
125
500
250
125
135

175
275
135
250
190
300
375
165
135
125
120
135
120
88
125
100
160
195
200
160
165
90
145
145
55
60
60
65
62.50
65
65
65
67.50
69.50
69
70
70
72
75
75
75
75
75
75
75
75
75
75
75
75
75
75
75
75
75
75
75
75
77
77.50
79
80
80
80
80
80
80
80
80
82.50
85
85
85
85
85
85
85
90
85
85
85
100
85
85
85
85
87.50
85
85
85
85
85
90

90
90
110
90
90
90
90
90
90
90
90
92.50
93
5
95
95
95
95
95
95
95
95
95
95
95
95
95
95
95
97.50
140
110
140
105
140
130
175
97.50
100
100
100
100
100
100
100
100
100
100
100
100
100
100
100
100
100
100
100
105
105
105
105
110
110
110
110
110
110
110
110
110
110
110
110
110
110
110
110
110
115
150
114
115
140
115
115
115
115
125
115
115
125
115
115
115
115
115
135
115
115
115
115
115
115
115
120
120
120
120
120
120
120
120
120
120
125
125
125
135
125
125
125
125
125
125
125
125
125
125
130
130
130
130
130
130
130
130
130
130
130
130
130
175
135
135
135
135
135
135
135
140
140
140
140
142.50
145
225
145
145
150
150
200
150
150
145
260
360

150
150
150
150
250
150
155
155
155
155
155
160
160
175
150
170
175
175
175
225
175
175
175
180
185
195
200
200
200
200
210
210
215
220
110
220
235
220
235
235
235
240
240
245
275
250
285
385
285
285
285
295
350
320
375
475
475
185
235
150

# flats

200
185
150
75
89.50
240
125
275
285
160
195
195
275
270
220
300
165
350
90
135
250
295
235
130
90
130
83
180
225
175
225
120
125
275
50
65
65
75
75
80
80
82.50
85
85
85
85
85
90
90
90
95
95
95
97.50
100
100
100
100
105
110
110
110
110
110
110
115
115
115
115
125
120
125
125
125
125
125
125
125
130
130
130
130
130
130
130
130
130
135
135
135
135
135
135
140
140
140
140
145
145
150
150
160
160
165
175
200
175
185
185
195
200
200
200
200
215
225
240
250
275
275
275
275

# houses

285
175
75
175
165
155
165
195
75
75
95
125
110
110
110
115
125
125
130
140
150
150
150
150
155
160
160
160
165
165
175
190
210
295
465

