# apr 3 1966

40
90
125
60
45
50
60
75
85
55
60
60
62.50
65
65
70
70
110
70
70
70
70
70
70
70
70
72.50
75
80
75
75
75
110
75
95
75
80
75
75
75
75
75
75
75
160
75
75
75
75
75
75
75
75
80
77
78
79.50
89.50
117.50
80
80
95
80
80
80
80
80
80
80
80
80
80
80
80
80
82
82.50
85
85
95
85
100
100
235
85
85
85
85
85
85
85
85
90
85
85
85
85
85
85
85
85
85
85
85
85
85
85
87
87.50
87.50
90
90
115
90
90
90
90
90
90
90
90
90
90
90
90
90
90
90
90
90
93
95
95
95
95
95
95
95
95
95
95
95
95
95
95
95
95
95
97
97.50
99.50
100
100
100
100
115
100
100
100
100
100
100
100
100
100
100
100
100
105
105
105
105
105
105
108
110
110
110
110
129
110
110
110
110
110
110
110
110
110
135
110
110
110
110
110
110
110
110
110
110
110
115
115
115
115
115
140
115
115
115
115
115
115
115
115
115
115
115
115
115
115
115
115
125
155
115
115
115
117.50
125
118
119
120
120
120
120
120
120
120
120
130
120
120
120
120
120
124
125
175
125
125
125
125
125
125
125
125
125
125
125
125
125
125
125
125
125
125
125
125
125
125
150
125
125
125
150
190

125
125
125
120
128
128
129
130
130
130
130
130
130
130
130
130
130
130
130
130
130
130
130
135
135
135
135
135
135
325
135
170
137
135
135
135
135
135
135
135
135


135
135
135
136
137.50
138
138
137.50
140
140
140
140
140
140
140
160
140
140
140
140
140
140
140
140
140
140
140
140
140
140
140
143
132
147
175
145
145
145
145
145
145
145
145
145
145
148
150
150
150
150
150
150
150
150
150
150
150
150
150
150

150
165
150
185
150
150
150
150
155
155
155
155
155
155
157
160
160
160
160
164
160
165
165
165
165
165
165
165
165
165
165
165
167.50
170
170
170
170
172.50
175
175
175
175
175
175
185
185
175
175
184
185
185
185
185
185
185
185
185
185
185
185
185
185
185
200
185
185
190
190
190
190
195
195
195
195
200
200
200
200
200
215
215
220
225
225
225
225
225
225
225
225
290
255
225
225
225
230
235
250
250
250
250
260
260
265
275
300
450
275
275
275
290
300
300
325
335
345
350
350
350
375
360
385
450
475
550
600

# flats

57.50
80
80
80
85
85
85
87.50
90
90
90
90
90
90
100
95
95
95
95
95
97.50
100
100
100
100
100
102.50
105
105
110
110
110
110
110
115
118
120
120
120
125
125
125
125
125
125
125
125
125
125
125
125
125
125
125
125
125
125
125
125
130
130
130
130
135
135
135
135
135
135
135
135
135
135
135
135
135
137.50
140
140
140
140
140
140
140
140
142
145
145
145
145
145
145
145
145
150
150
150
150
155
158
160
160
160
160
160
165
165
165
165
165
175
175
175
175
175
175
185
190
190
195
200
210
210
215
225
225
225
225
230
250
250
250
250
250
250
275
275
275
300
300
300
300
315
325
350
385
400
475

# houses

75
85
105
115
125
125
130
130
135
135
135
135
150
140
140
140
145
145
145
145
165
145
150
150
150
150
150
150
150
155
155
155
155
155
155
160
160
160
160
160
165
165
165
165
165
165
165
165
165
167,50
170
170
170
170
175
175
175
175
175
175
180
180
180
180
185
185
185
185
197.50
200
200
250
250
250
290
295
350
375
