# apr 2 1967

65
65
65
65
67.50
75
75
75
79.50
89.50
125.50
80
85
90
99
95
80
80
80
80
80
80
81.50
85
85
85
85
85
85
85
85
85
87.50
89
89.50
89.50
89.50
90
90
90
90
90
90
90
110
90
90
90
94.50
95
995
95
95
95
95
97
100
100
100
155
100
100
100
100
92
100
100
195
100
105
110
110
110
110
110
110
125
110
110
115
115
115
115
115
115
115
115
115
115
120
120
120
120
120
120
120
125
135
65
85
95
125
137
125
125
125
140
150
125
125
125
125
128
130
130
130
130
130
132
154
132.50
135
135
135
135
135
140

140
140
230
140
140
140
140
140
140
140
140
141.50
145
145
145
145
145
150
185
150
150
150
170
150
150
150
150
150
150
150
155
155
155
155
157
157.50
160
160
160
160
165
165
165
235
165
165
168
170
210
170
150
170
170
175
175
175
175
175
180
185
185
185

185
185
275
185
185
190
325
190
190
195
195
195
210
195
195
200
200
200
210
210
220
285
225
225
250
225
225
225
230
235
235
240
245
250
250
250
250
285
250
250
260
260
260
275
275
275
280
280
300
300
325
325
325
575
345
350
375
385
400
500
550
550

# flats

55
75
80
75
85
78
79
79.50
85
85
95
105
115
135
95
97.50
97.50
100
125
100
100
105
110
112
115
115
120
125
190
125
125
125
125
125
125
150
130
130
130
130
130

130
130
135
135
137.50
140
145
145
145
149
150
150
150
150
155
165
160
160
160
160
165
165
170
170
175
180
185
190
400
200
200
225
225
225
225
245
275
300
300
305
340

# houses

65
100
56
90
100
125
100
200
175
125
125
125
125
130
135
135
140
135
140
145
150
150
150
155
160
162
160
165
170
175
175
175
175
180
185
185
185
195
200
210
135
215
225
225
225
230
240
250
250
250
260
289.50
300
350
385
385
425
450
450
450
700
