50
60
85
65
65
67.50
72.50
52.50
75
85
75
80
80
80
85
85
85
85
87.50
90
90
90
92
92
92.50
95
95
95
95
95
100
100
100

105
110
110
110
110
110
115
186
115
115
115
115
115
120
120
120
120
125
125
125
125
125
125
125
130
180
130
135
150
130
130
130
130
135
135
135
139
140
140
140
140
142
145
145
145
180
145
150
150
155
160
175
155
155
155
155
160
165
165

165
165
165
170
170
170
175
315
175
175
175
175
175
180
180
185
185
190
195
400
400
450
625
195
245
195
265
195
200
200
200
200
207.50
225
325
225
250
225
235
225
225
235
235
240
240
245
250
475
250
250
250
260
360
275
275
275
275
275
285
285
300
800
300
300
325
325
350
350
350
330
350
350
400
425
500
700
140

# flats

50
65
50
130
80
85
95
125
140
85
85
100
115
115
115
120
120
125
125
125
125
125
130
138
130
140
140
140
145
145
150
150
150
155
160
165
175
175
175
180
185
200
200
200
225
237
235
235
245
250
250
250
250
250
275
275
295
350
350
425
450

#houses

45
85
50
84.50
115
160
140
150
150
150
160
160
165
170
170
175
175
175
175
180
185
190
190
190
190
190
200
200
200
200
200
200
200
235
250
250
275
550
450
750
700


