# apr 6 1969

40
60
70
75
85
85
85
55
75
70
75
80
85
85
90
90
90
90
95
100
100
110
117
100
150
100
105
110
110
110
150
115
115
118
145
120
120
120
120
120
125
125

125
125
125
125
130
130
125
130
135
135
135
135
140
140
150
160
150
150
140
140
170
140
140
142
145
145
150
150
150
150
165
150
150
150
150
150
155
160
180
160
160
160
165
165
165
165
165
165
165
165
170
170
220
175
175
185
190
175
175
175
175
175
175
175
180
175
285
160
185
185
190
195
200
200
210
235
350
275
610
210
215
220
225
225
225
225
225
235
240
240
245
250
250
250
250
250
250
265
260
260
260
300
260
375
425

275
275
275
280
285
290
300
300
325
325
325
325
340
350
375
395
400
400
450
600
465
475
475
530

# flats

75
85
100
135
130
105
110
135
140
140
145
150
160
165
165
170
170
175
175
180
180
185
185
185
185
190
200
225
225
225
240
240
240
245
150
250
250
260
275
275
300
300
300
350
325
350
400
450
450

# houses
85
90
135
225
500
135
175
185
135
155
160
165
175
175
175
175
185
200
295
185
185
195
195
195
210
210
220
225
225
250
225
250

225
225
230
245
240
250
250
260
275
275
275
275
275
300
400
1050

