# apr 5 1970

75
90
75
90
77.50
80
80
90
90
95
95
97.50
100
100
100
105
110
105
105
105
107.50
110
135
165
110
110
110
110
110
115
115
125
115
120
155
120
120
120
120
120
150
120
120
120
125
150
125
125
125
125
125
125
125
125
120
130
125
125
130
130
145
130
140
132.50
135
135
135
135
130
135
135
135
135
135
132.50
135
140
140
140
140
140
140
140
140
145
145
175
149
150
150
165
150
150
150
150
150
155
155
155
170
155
155
160
160
150
160
160
160
250
160
165
165
165
165
165
165
165
165
165
165
165

169.50
251.50
170
170
170
170
175
175
175
175
175
175
175
175
175
175
175
175
175
175
175
175
175
175
175
180
180
180
195
225
180
180
180
180
285
180
180
180
184.50
185
185
185
185
185
189.50
190
170
190
195
250
325
325
425
475
195
195
195
195
195
200
200
325
200
200
200
200
200
210
210
210
210

215
350
500
550
215
215
215
215
260
215
235
215
215
215
215
220
225
225
225
225
225
225
225
230
240
240
290
240
240
240
240
245
245
250
250
250
250
250
295
250
250
250
250
250
250
300
250
260
275
325
600
275
400
275
300
275
275
275
275
275
285
295
295
300
300
325
325
350
426
350
350
260
265
265
375
415
475
500

500
500
500
525
550
550
600
600
750
425

# flats

100
120
150
175
145
190
95
110
120
120
175
175
120
125
125
135
135
150
165
165
165
165
180
185
185
185
185
185
190
195
200
200
200
200
200
200
200
200
220
225
225
225
225
225
225
235
250
250
250
250
265
300
265
275

275
275
275
280
285
295
295
295
295
300
300
300
300
300
300
300
300
300
300
325
325
330
335
345
450
350
350
350
350
350
375
375
375
395
395
395
400
400
425
450
450

# houses

120
150
175
210
250
230
135
150
155
175
175
185
195
200
200
200
210
220
225
225
225
230
235
235
235
235
240
250
250
250

250
265
275
275
275
280
285
290
300
300
325
350
375
275
375
395
400
435
600
700
800

