# apr 4 1971

75
175
75
75
75
85
85
85
90
90
95
95
95
145
100
125
100
105
105
110
125
110
110
110
110
115
115
150
115
115
115
115
120
120
120
130
125
125
125
125
125
125
125
125
135
150
125
130
130
130
150
175
130
130
130
130
132.50
135
130
135
135
140
140
145
140
145
145
145
150
150
150
155
160
150
160
150
175
150
150
150
150
150
155
190

155
155
160
185
160
160
160
160
160
160
160
160
160
160
160
165
165
175
165
165
165
170
170
170
170
170
170
180
170
175
175
175
175
175
175
175
190
175
175
175
170
175
175
175
175
175
175
175
175
175
185
175
175
175
180
180
180
180
185
225
185
185
185
185
185
190
190
190
190
190
210
190
190
190
190
190
193.50
194
195
295
195
195
195
195
195
195
195
195
200
200
200
200
200
215
200
200

200
200
200
225
230
200
205
205
205
205
205
210
210
210
210
210
225
215
220
285
220
220
225
225
225
225
225
250
225
225
225
225
225
225
225
225
230
230
230
235
235
235
235
235
235
240
240
240
240
240
2450
245
250
265
400
250
250
250
250
330
250
250
250
255
255
265
360
340
260
260
260
260
260
260
265
265
290
265
265
265
265
265
275
500
275
257
285
285
295
295
295
295
300
300
300

300
300
305
310
325
315
325
325
325
325
325
325
350
350
350
390
350
350
350
400
375
375
375
375
380
385
390
390
400
450
450
475
525
550
560
550
565
575
575
575
625
675
675

# flats

90
100
120
125
125
135
140
145
150
155
155
160
160
160
160
170
170
175
190
175
175
175
175
175
178
180
185
185
185
185
190
190
195
200
300
254
200
200
200
200
200
200
200
200
200
200
210
210
225
210
210
215
225
225
225
225
225
225
235
250
250
250
250
250
260
260
260
265
265
265
270
275
275
275
275
275
300

280
285
290
295
295
300
300
325
325
325
325
325
325
335
350
375
375
435
525
550
350
420
450

# houses

95
105
150
175
200
200
300
125
150
150
165
185
190
195
200
230
230
235
250
250
250
250
250
250
250

250
250
260
265
265
265
265
265
265
265
275
275
275
275
273
275
300
300
300
300
325
325
330
350
350
395
395
450
450
500
500
550
600
700
650
650
1000

