# apr 2 1972

60
85
70
90
108
119
120
135
135
75
75
80
95
80
80
80
85
87
90
135
190
90
105
90
92
93
95
140
100
100
100
100
105
145
105

108
110
110
110
110
110
112.50
205
112.50
115
115
115
115
117.50
118
120
120
120
125
125
125
125
125
125
125
125
125
130
130
130
130
130
130
130
135
135
135
135
135
135
135
135
135
140
137
150
138.138.50
140
140
140
140
140
140
143.50
145
145
145
145
145
145
145
145
147.50
148
150
150
150
150
150
150
150
150
150
150
150
150
150
154
155
155
170
175
190
155
155
155
155
155

155
155
155
158
160
160
160
185
160
160
160
180
160
160
160
165
165
215
165
165
165
165
165
165
165
165
165
165
165
165
165
167
169
169
169.50
170
170
170
170
175
175
175
175
175
175
175
175
175
175
175
175
175
175
175
179
180
195
180
180
180
183
274
185
185
185

185
185
185
185
185
370
185
185
185
185
185
190
190
190
225
190
190
190
240
190
190
190
190
190
193.50
195
195
195
195
195
195
195
195
195
195
195
198
200
200
200
250
200
250
350
200
250
200
200
200
200
205
205
205
210
275
210
210
210
210
350
210
250
210
210
210
210
215
215
215
215
215
220
220
225
225
225
225
225
225
225
265
225
225
225
225
230
230
230
230

238
235
235
235
235
235
235
240
260
240
240
240
245
248
250
250
250
250
250
250
250
250
250
255
260
260
265
265
265
270
270
275
275
275
275
285
285
285
285
285
290
295
335
300
325
400
515
850
300
300
300
300
300
300
310
1955
310
310
320
325
400
325
325

325
325
330
335
335
335
335
350
350
350
350
350
359
265
370
375
380
395
400
425
435
440
475
485
515
516
525
525
550
575
585
555
600
700
800

# flats

130
135
135
140
145
148
150
160
165
165
165
168
170
170
175
175
175
175
175
175
175
180
185
185
185
185
185
185
185
185
185
190
195
195
200
200
205
210
210
210
225
225
225
300
225
225
225
225
235
250
250
250
250
260
275
275
275
275
275
275
275
285
285
290
295
300
300
300
300
300
300
310
320
325
325
325
325
325
325
325
350
400
450
500
775
400
450
500
500
600


# houses

90
115
130
140
150
175
225
97
117.50
120
160
210
225
230
265

# more houses

65
100
175
175
190
200
225
240
115
145
150
160
180
200
225
250
265
117.50
118
135
145
160
175
180
185
190
195
295
195
200
200
215
215
225
225
225
225
225
235
240
240
240
240
240
240
240
240
249
289
250
250
250
250
250
275
275
275
280
290
295
300
300
300
300
300
325
325
375
285
285
395
400
500
