# Apr 1 1973

80
80
90
90
95
95
95
95
100
100
105
105
110
110
110
110

110
110
113
115
138
155
160
220
280
115
115
115
115
115
120
245
120
120
120
120
150
120
120
120
120
120
120
120
125
125
125
125
125
145
125
125
125
125
125
125
125
126
126
130
130
130
130
132
135
135
135
135
135
135
135
135
165
135
140
140
250
240
140
140
140
140
140
140
140
145
145
145
165
145
145
145
145
145
147
150
150
150
150
150
150
150
150
150
150
150
150
150

150
150
150
155
155
155
155
155
185
155
155
160
155
159
160
160
250
275
160
160
160
160
160
160
160
160
160
160
160
160
160
165
165
250
315
325
335
475
575
165
185
165
165
165
165
165
165
165
165
165
165
235
165
165
195
165
165
165
165
165
165
165
165
165
165
165
165
165
165
190
165
235
165
165
179
170
190
170
170
170
170
170
210
170
170

170
170
170
170
170
170
170
170
170
175
250
173
153
175
175
175
175
175
175
175
175
175
175
180
180
180
180
180
190
180
180
180
200
180
180
180
180
185
185
185
185
185
185
185
300
185
185
185
185
185
190
190
190
190
190
190
193.50
195
215
195
195
195
195
195
200
200
200
200
200
200
200
200
200
200
205
205
210
220
250
235
210
210
210
215
215
215
215
215
215

220
220
225
240
260
295
225
275
225
225
225
225
225
225
225
225
230
230
250
230
230
230
230
235
240
235
235
235
240
325
240
240
240
240
245
245
245
245
245
245
250
250
350
325
420
500
250
250
250
250
250
250
250
250
250
250
250
250
250
250
250
250
250
250
260
260
260
260
260
260
260
260
260
265
265
265
265
270
285
370
274
275
600
375
375
375
275
275
275
280
280
285
285
290
290
295
295
295
300
300
300
300
300
300
300
305
310
330
315
315
320
320
325
325
325
325
325
325
325
335
400
340
350
350
350
350
375
375
375
240

380
385
495
400
420
420
500
840
500
500
550
550
550
595
600
600
600
625
640
800
595

# flats

100
125
125
125
125
125
130
135
135
135
145
235
145
150
153
155
160
163
165
165
165
165
169
170
180
185
185
185
235
185
185
185
190
195
195
195
200
200
200
209
200
215
215
222
225
225
225
225
225
225
225
235
260
300
300
300
235
235
235
235
235
240
240
240
240
245
250
250
250
250
250
250
250
250
250
250
250
250
250
260
260
265
265
270
275
300
275
275
275
275
275
275
275
275
275
280
285
285
290

290
295
295
295
295
300
300
325
365
380
300
300
300
300
300
300
300
300
315
315
325
325
340
350
350
350
350
350
350
350
365
375
375
375
395
400
425
475
325

# houses

150
155
155
160
180
180
180
190
190
200
210
210
215
220
225
225
225
225
225
230
235
240
240
240
250
250
250
250
250
250
250
255
255
255
265
265
275
275
275
280
280
300
315
325
325
350
350
375
700
400
335
675



