# apr 7 1974

225
80
80
85
85
85
85
97.30
100
100
105
145
155
100
105
105
110

110
110
110
145
110
110
115
115
115
126
115
115
115
115
115
115
125
120
120
120
125
125
125
125
125
140
125
150
125
125
130
130
130
130
130
130
130
135

135
135
135
185
135
135
135
135
135
135
135
135
135
135
135
135
136
137.50
139.50
140
195
140
140
140
140
145
145
145
145
145
145
145
145
146
145
145
155
150
160
150

150
150
150
155
150
150
150
150
155
155
155
155
158
160
160
160
160
160
160
164
165
165
195
165
165
165
165
165
145
165
165
170
170
170
170
170
170
240
170
174
175
175
185
230
240
175
175
175
175
175
175
175
175
175
175
200
175
175
175
1780
180
180
180
210
180
180
185

185
185
185
185
185
185
185
185
185
185
185
185
185
185
195
185
185
185
190
190
190
195
195
195
225
195

200
200
200
235
200
200
200
200
200
200
200
200
200
250
200
205
210
210
210
210
210
210
215
215
215
215


216.50
220
220
220
225
245
250
325
335
275
225
225
225
225
225
225
225
225
230
285
230
275
230
235
235
235
240
240
240
240
240
240
240
245
245
245
245
245
245
250
250
250
250
250
250
250
250
255
260
260
260
260
350
260
260
260
265
325
265
265
265
265
270
275

275
275
275
275
275
275
275
275
280
350
285
325
285
285
288
290
290
295
295
300
300
300
300
300
300
315
395
325
325
325
325
325
325
325
325
330
330
335
335
335
345
350
350
360
365
365
550
625
360
365
365
365

375
375
375
400
450
450
460
550
560
575
600
600
695
775

# flats

80
105
135
150
150
158
160
160
160
165
165
170
180
175
175
175
190
175

175
180
185
185
185
190
190
195
200
200
200
205
215
220
220
220
225
245
225
225
225
225
225
225
225
225
230
230
230
235
240
240
240
245
245
245
250
250
290
250
250
250
250
250
250
250
260
265
270
275
275
275
285
285
290
290
295
300
300
300
300
300
310
315

315
315
315
325
325
325
325
325
325
345
350
350
350
350
350
375
375
390
400
400
400
400
430
450
450
450
450
600
650
850
650

# houses

90
100
120
160
175
185
190
205
215
225
225
240
245
250
300
450
550
250
260
270
275
285
285
285
300
300
300
300
300
305
310
325
325
325
330
350
350
350
375
375
375
400
425
425
550
750


