# Apr 6 1975

90
91
95
99
100
100
100
100
110
110
115
115
145
115
130
117
120
120
155
120
120
200
255

125
125
125
125
125
125
125
125
125
125
125
150
125
130
130
140
130
155
130
135
135
135
135
135
135
135
135
137.50
140
160
140
140
145
145
145
145
150
150
150
150
185
150
150
150
150
150
155
155
155
159
160
160
160
175
160
160
160
160
160
160
170
160
165
160
165

165
235
165
165
165
165
165
175
169.50
278.50
170
170
170
170
175
170
170
172.50
175
235
175
175
175
175
175
175
175
175
175
175
175
175
175
175
175
175
175
175
255
176
325
335
180
180
180
180
180
180
180

180
180
180
185
195
195
210
185
185
185
185
195
185
185
185
185
185
185
185
185
185
185
185
185
188
190
225
190
190
190
190
190
190
190
190
190
195
195
195
200
195
195
195
195
195
195
195
198
200
200
200
250
200
200
215
200
200
200
250
200
200
200
200
200

200
200
325
200
200
205
205
205
205
210
265
210
210
210
210
210
210
210
210
210
210
210
210
215
215
215
215
188
208
208
228
255
315
420
215
215
215
215
216.50
220
220
220
220
260
220
225
225
225
225
225
225
225
225

225
330
400
225
225
225
225
230
235
260
290
230
230
230
235
350
235
235
235
235
235
235
235
240
225
240
240
245
245
245
245
245
245
315
245
245
250
350
250
250
250
250
270
250
250
250
250
250
250
250
250
250
255

255
255
260
260
260
260
260
260
265
265
265
265
265
270
270
275
275
275
275
275
275
275
275
275
275
275
275
275
275
280
280
280
285
290
290
290
295
295
295
295
295
295
297
300
300

300
300
195
300
300
300
300
300
300
300
305
310
350
325
350
395
425
455
550
600
650
650
310
310
310
315
315
375
315
315
325
315
325
425
500
600
325
325
325
650
325
325
325
325
325
335
405

340
340
345
455
235
360
350
350
350
800
350
350
350
350
350
350
350
350
355
335
370
375
395
450
375
375
375
375
375
400
385
385
390
395
395
395
395
400
400
400
400
400
400
425
450
450
450
450
460
475

495
500
550
700
550
585
650
350
800
650
650
700
760
750
950

# flats

90
125
135
140
150
150
150
160
163
165
225
173
175
175
175
175
185
190
200
200
200
200
200
210
210
215
215
220
220
220

220
225
225
225
225
225
230
230
235
235
235
240
240
245
245
250
250
250
250
250
250
250
250
250
250
290
260
260
265
265
275
275
275
275
275
275
275
280
280
285
285
290
295
295
295
295
300
300
300
300
300
315
320
320
325
325
325

325
325
325
325
325
395
325
325
325
325
340
350
400
450
465
525
750
350
650
750
800
350
350
350
350
350
350
350
380
380
375
475
375
375
375
375
395
395
400

425
425
440
450
450
450
450
475
475
500
500
575
600
675
800
1400

# houses

162.50
163
275
182
195
200
210
220
225
225
230
250
255
260
265
265
270
275
275
275
275
275
285
295
295
295
300
300
300
300

300
300
315
315
320
325
325
325
325
325
325
325
325
325
335
336
360
375
375
380
395
400
400
400
410
410
425
450
450
450
460
475
485
525
550
750
650
700
850
900
1200
1250
300
350
450
850
1200
1250


