# apr 4 1976

85
100
100
100
110
115
115

120
130
125
125
125
125
125
130
132.50
135
135
135
160
135
135
135
135
140
140
140
140
140
140
140
140
140
145
145
145
145
145
145
145
145
155
147.50
150
185
185
150
150
210
150
150
150
150
150
150
150
150
150
150
150
155
155
155
155
160
160
160
160
190
160
160
160
160
160
165
165
165
165
165
190
165
240
460

165
165
165
165
165
175
167.50
170
170
175
215
175
210
175
300
175
175
175
175
175
175
175
175
175
175
175
175
175
178
180
180
180
180
185
185
185
250
185
200
185
185
240
185
185
185
185
185
185
185
185
185
190
190
190
220
190
190

190
225
190
190
195
195
195
195
195
195
195
195
197
198
200
200
200
200
200
200
200
200
200
200
200
205
205
205
210
201
210
210
210
210
210
210
235
210
210
210
210
210
260
215
215
260
215
215
215
215
215
215
215
215

215
215
220
220
220
220
220
225
225
225
225
300
225
225
225
260
225
225
235
225
225
225
225
225
225
225
225
225
225
228.50
230
270
230
230
230
230
230
230
235
235
235
235
235
235

235
265
235
235
240
240
240
240
240
240
240
245
250
250
250
250
250
250
250
250
250
250
250
250
250
250
250
250

250
255
285
255
255
260
260
260
260
260
265
325
265
265
265
265
265
265
265
270
270
270
280
270
270
270
275
350
275
275
275
275
275
275
275
275
275
275
275
275
280
280

280
280
280
280
285
285
285
285
285
285
285
285
285
285
285
285
285
290
295
295
297
300
300
325
300
300
197
220
240
298
192

300
300
365
300
300
450
300
305
315
310
315
315
355
550
600
1350
315

325
285
325
325
325
325
325
325
325
325
325
335
335
335
340
360
350
1350
430
450
350
350
375
350
350
400
350
500
350
350
350
360
360
370
375
400
375
375
375
375
375
375
375
385
385
385
390
390
395
400
400
400
420
425
425
425
450
435
450
450
495
495
225
265

500
525
550
550
600
600
625
650
650
875
1350

# flats

125
145
150
150
160
175
185
190
195
195
200
200
205
210
210
215
215
220
225
225
225
225
225
225
235
235
235
250
250
250
250
250
250
250
250
275
275
275
275

275
285
285
285
285
285
390
390
395
395
395
300
300
300
300
305
310
310
315
325
325
350
325
325
325
325
325
325
330
330
335
335
340
350
400
350
350
425
350
350
350
350
400
350
350
350
350
350
350
360
360
365
365

375
375
375
375
375
375
375
380
395
575
650
380
395
395
400
400
400
400
400
415
420
425
425
425
425
425
435
435
450
450
450
450
475
475
475
475
495
500
500
500
525
550

550
750
550
550
550
550
550
800
800

# houses

150
170
165
175
225
265
265
275
275
280
295
295
300
300
325
325
325
325
325

325
335
345
345
350
350
350
355
360
360
360
375
375
380
395
395
395
400
410
425
435
425
465
575
600
675
875
975
1500
1700



