# Apr 3 1977

65
79
100
100
105
115
125
125
125
125
125
125
145
130
155
130
130
130
145
135
135
160
135
140
140
140
160
140
145
145
145
145
150
125
150
150
150
150
150
150
150
150
150
150
150
150
152
155
200

155
255
155
165
155
155
156
192
160
160
185
125
160
160
160
160
160
160
160
160
160
165
165
165
165
165
165
165
165
165
170
170
170
170
170
170
170
170
170
170
175
175
210
175
175
175
285
175
175
175
175
175
175
175
210
175
180
180

180
180
180
182.50
185
185
185
185
185
295
185

185
185
185
185
190
190
190
190
190
210
190
190
195
195
195
195
195
195
135
195
195
195
200
200
285
200
200
200

200
200
200
200
245
200
200
200
210
200
200
200
200
200
200
205
205
210
210
210
210
210
210
210
210
210
210
210
210
210
210
210
210
210
215
215
215
215
215
215
215
215
215
220
220

220
225
225
350
225
225
225
225
225
225
225
225
225
225
225
225
225
225
225
225
225
235
225
225
225
225
225
230
230
230
230
230
230
235
235
235
235
235
235
235
235
235
238
287
234
281
480

235
235
238
240
240
240
240
240
240
240
245
245
245
245
245
249.99
250
250
250
250
250
250
250
250
250
250
250
250
250
250
250
250
250
250
250
260
250
250
250
250
255
255
258.50
260
260
260
260

260
260
260
260
265
265
265
265
295
265
270
270
270
300
270
150
270
275
275
285
325
275
300
385
475
500
275
225
210
275
275
275
275
275
275
275
275
275
275
275
275
275
275
275
275
275

275
275
280
280
280
280
280
285
285
310
285
285
285
285
285
285
285
285
290
365
290
290
290
290
525
290
290
295
295
350
385
390
395
515
650
295
295
295
295
295
295
295
295
330
325

300
325
300
300
300
300
300
300
300
300
300
300
300
300
300
300
310
410
310
310
400
310
310
310
310
310
315
315
315
315
315
320
320
450
325
325
325
325
325
325
325
325
325
325
325
325
325
325
325
325
330
330
355
330
330
335
335
335
385
335
335
335
340
360
345
340
350
350
350
350
350
375
350
350
395
365
350
350
350
350
350
395
368
368
380
360
360
365

365
370
375
375
375
375
375
375
375
375
375
375
375
495
375
380
380
385
385
385
385
385
395
425
450
395
395
395
395
395
395
395
400
725
400
400
400
400
450
400
400
405
420
425
425
425
425
425
450
425
425
425
425
430
430
500
435
440
340
375
550
650
450
525
450
550
450
450
450
500
450
450
450
455
476
479
475

475
475
480
485
495
500
500
500
550
550
550
575
600
620
625
650
650
650
675
695
1300
750
750
850
1000
225
250
120
175
181.50
240
185
235
200
250
200
285
250
290
315
325
375
395
320
750

# flats

150
160
350
170
175
185
200
200
245
200
210
220
220
220
220
225
225
225
225
225
225
235
325
350
235
245
250
250
250

250
260
260
265
265
275
275
2225
275
285
285
285
285
285
285
280
280
285
285
285
285
285
295
295
295
295
295
295
300
300.5
300
300
300
300
350
300
300
300
300
310
310
310
315
350
315
320
320
325
325
325
325
325
325
325
325
325
325
325
325
350
330
330
330
330
330
335
335
340
350
350
350
350
350
350
350
350
350
350
350
350
350
350
350
350
375
350
350
350
360
360
360
360
360
360
365
365
365
365

375
375
375
375
375
375
375
375
375
375
375
375
450
375
375
375
385
385
385
395
395
395
395
400
450
575
400
400
400
400
400
400
400
400
400
400
400
410
410
418
425
425
425
425
425
425
425
425
425
425
430
435
435
440
450
450
450
450
450
450
450
450
450
450
450
450
475
475
485
485
485
485
495
490
495
495
500

500
525
550
550
550
570
650
700
750
800
975
525
525
525
525
525
525
525
525
535
550
570
750
750
550
550
550
550
550
565
570
575
575
575
575
586
585
590
595
595
600
600
650
750
660
730
800
975
385

# houses

145
175
225
225
340
275
275
285
320

325
325
325
325
325
340
350
350
350
350
350
350
350
350
350
350
350
350
400
355
360
360
365
375
375
375
375
375
375
380
385
385
385
385
385
390
390
395
395
400
400
400
400
400
550
410
410
425
495
550
700
425
425
425
425
425
425
430
450
450
450
450
450
450
465
465
475
475
475
475
475
485
500
500
500
500
520
525
525
575

575
650
850
1200
595
600
600
600
600
650
650
650
695
700
750
750
750
800
850
1000
1050
1150
1500
1500
1500
700



