# apr 2 1978

65
130
95
125
125
125
130
135
135
135
135
135
145
145
150
225
150
150
185
150
150
200
152
155
215
155
155
160
160
160
160
160
160
165
165
165
165
165
170
170
170
170
170
175
175
175
175
175
175
250
175
235
175
175
175
175

175
250
175
175
177
180
180
180
180
230
180
180
185
185
185
185
185
325
190
190
190
190
190
190
195
195
285
195
235
195
225
195
195
195
220
195
195
195
195
195
195
197
199.50
200
200
245
200
200
200
200
200
215
200
200
200
200
205
215
205
210
210
170
135
210
210
210
210
210
210
210
210
210
180
210
210
215
235
215
215
215
215
225
220
220
220
222
225
225
225
225
225
225

225
225
225
225
225
225
265
225
225
230
335
230
235
235
235
235
235
235
235
235
235
240
240
240
240
245
245
250
365
250
250
250
285
250
250
250
250
250
250
250
250
250
250
250
250
250
250
250
250
250
250
250
250
240
250
252
255
255
255
255
255
260
260
260
260
260
260
260
260
260
260
260
265
265
265

285
285
325
265
265
265
285
285
268
270
335
270
270
275
275
275
275
275
375
275
275
300
275
275
275
275
275
275
275
275
275
275
275
275
275
275
275
275
275
275
280
280
280
280
284.50
285
310
285
285
285
285
285
285
285
285
290
290
290
290
295
295
410
295
295
295
310
395
295
295

295
295
295
295
300
300
325
300
365
300
300
325
300
300
300
300
300
300
300
300
300
300
305
305
305
310
335
310
350
315
315
315
320
320
320
320
320
325
325
325
350
325
345
325
450
325
325
325
325
325
325
325
325
325
325
325
325
335
340
340
345
345
440
345
345
345
345
349.50
350
350
350
350
350
350
350
350
350
350
350
350
350
350
350
350
350
360
360
360
365
370
375
375
370
375

375
375
375
375
375
375
375
375
380
385
395
395
395
395
395
395
400
400
400
400
400
400
405
410
415
415
425
425
425
435
435
440
450
450
565
450
450
450
475
475
475
475
475
475
475
485
495
500
800
520
525
525
525
525
550
550
675
700
550
550
550
625
625
650
650
795
850
850
850

900
1000
1650

# flats

175
250
175
185
200
215
220
225
225
225
230
235
235
240
250
430
250
250
250
260
265
265
275
275
275
275
275
275
280
285
385
385
385
300
290
295
295
295
300
300
300
300
325
300
305
310
310
310
320
325
325
325
325
325
325
325
330
330
330
340
340
345
345
345
350
375
395
420
350
350

350
350
350
350
350
350
350
350
350
355
360
360
360
360
360
365
365
370
375
400
450
700
375
375
375
375
375
375
375
375
375
375
375
385
385
395
400
450
400
400
400
460
400
400
400
400
400
420
425
425
425
425
435
440
450
450
450
450
450

450
450
450
450
450
450
450
450
450
460
465
475
475
475
475
475
475
525
575
475
475
475
475
475
485
500
500
500
525
550
650
500
500
500
500
520
525
525
525
550
550
550
575
595
600
600

600
625
625
650
650
650
700
750
775
948
1250

# houses

150
225
240
240
300
300
310
315
325
325
350
350
360
375
385
395
395
395
400
400
410
415
420
420
425
425
430
430
435

435
450
450
450
450
450
450
450
450
450
450
450
475
475
485
495
500
700
750
1250
500
520
525
550
550
550
550
550
560
600
600
600
625
650
800
1400
900
1100
1200

1250




