# Apr 1 1979

145
165
145
145
195
150
225
150
190
150
150
150
160
160
165
165
170
175
185
175
175
175
175
225
175
175
175
175
175
175
175
185
185
185
185
185
225
185
185
190
195
195
195
195
195
195
200
200
200
200
200
200
200
205
205
205
205
225
210
210
210
210
215
219.50

225
1200
225
225
225
225
225
225
225
225
225
225
225
225
230
230
235
300
235
235
235
235
235
240
245
250
250
250
250
250
250
250
250
250
250
250
250
250
250
250
250
250
250
250
250
250
250
255
260
260
260
260
260
265
275
265
265
265

275
275
300
275
275
275
275
275
275
275
275
275
275
275
275
275
275
275
275
275
325
280
282
285
285
600
750
900
285
285
285
285
285
290
290
290
295
395
295
295
295
295
295
295
295
295
295
300
300
300
300
300
300
300
300

300
350
400
300
300
300
300
700
300
300
300
300
300
304.50
305
310
310
310
310
315
315
320
335
325
325
325
325
325
325
326
325
329
325
330
330
430
330
335
335
340
345
345
345
345
348
350
350
350

350
350
350
350
350
350
350
350
350
357
360
360
360
375
375
375
375
375
375
375
375
385
385
435
385
385
390
395
395
395
395
400
415
415
400
400
400
400
400
400
410
415
315
420
425

425
425
425
425
580
425
435
435
435
450
450
525
450
450
475
450
450
450
450
450
460
470
475
475
475
475
550
575
480
485
490
495
495
500
500
800
500
500
625
500
515
525

525
525
525
550
550
560
575
595
595
600
600
600
600
600
600
625
650
675
795
800
650
700
650
650
675
675
576
688
700
800
700
700
700
725
800
800
825
850
850
900
1200
2500
850
850
895
950
1000
1200
1300
1550
1800

# flats

200
225
235
260
265
275
275
275
275
285
290
300
300
300
325
325
325
325
325
330
330
340
345
450
350
350
350
350
375
350
350
350
350
360
360
365
375
375
380
380
385
385
385
385
395
395
400
400
400
400
400
415
425
425
425
425
425
425
435
435

435
435
435
450
450
450
450
450
450
450
495
450
450
465
475
475
475
475
475
475
475
485
485
490
495
495
500
500
500
500
525
525
525
550
550
550
550
560
575
575
575
585
595
600
600
600
625
625
625
635
725
775
650
650
675
688
695
700
700
750
750
775
800
850
850
850
1200
1200

# houses

275
285
300
300
300
3015
340
350
360
370
370
375
575
373
375
400
400
410
425
425
425
450
450
450
450
450
475
475
475
475
495
500
500
500
500
500
525
525
530
550
525
525
550
550
550
550
575
585
585
595

600
600
600
625
635
650
650
675
675
675
675
675
675
700
750
750
750
800
800
900
900
950
950
1000
1100
1200
1200
1300
1800
2600


