# Apr 1 1984

225
250
275
275
285
425
290
295
300
350
300
325
365
330
335
345
350
350
350
350
350
350
350
355
370
390
370
375
370
375
370
375
3875
375
375
375
375
375
425
375
375
375
375
375
375
375
375
375

380
380
385
390
390
595
390
395
395
395
395
395
395
400
400
400
400
400
425
40
525
400
400
400
400
410
415
425
410
435
415
415
420
420
425
495
600
600
425
425
425
425
425
425
425
425
425
425
425
425
425
425
425
425
430
430
437
440
445
445
450
450
550
550
450
450
450
450
450
575
450
450
485
450
495
750
1000
1500
2000

450
450
450
475
450
460
450
450
450
450
450
450
450
450
450
455
460
465
465
475
475
625
475
525
525
525
525
475
475
475
475
475
475
485
750
485
500
485
485
485
485
485
485
485
485
485
485
485
490
485
490
490
490
495
495
495
495
495
495
495
500
500
500
525
510
515
500
500
500
500
500
500
500
500
500
525
500
505
585
510
510
525
620
525


525
525
525
575
525
525
525
525
525
525
525
525
525
525
625
525
525
535
535
545
545
545
545
550
550
550
550
550
550
550
550
550
550
550
550
550
550
550
550
550
550
550
550
550
550
550
550
550
550
550
555
575
560
565
565
565
565
565
570
575
575
575
580
580
580
590
590
595
565
595
595
595
595
545

595
595
595
600
600
600
600
600
600
600
600
600
600
600
600
600
600
610
610
620
620
625
640
650
600
635
625
625
625
625
625
625
625
625
635
645
650
650
650
650
650
650
650
650
650
700
650
650
650
650
660
665
675
675
675
576
675
675
675
675
675
700
675
750
675
675
675
690
695
695
695
700
825
875
700
700
700
700
700
700
720
750
720
720
725
725

725
1300
740
745
750
725
750
750
750
750
750
750
750
750
750
750
750
750
750
750
765
775
785
775
775
775
775
775
775
780
795
800
800
800
800
825
825
845
850
850
850
850
850
995
850
850
850
850
875
875
875
895
900
900
900
950
950
950
950
975
975
999
1000
1000
1000

1050
1075
1095
1100
1100
1100
1100
1175
1200
1200
1275
1300
1300
1325
1340
1375
1445
1450
1450
1450
1500
1550
1600
1650
1725
1750
1800
1850
1950
2000

# flats

300
320
400
400
400
425
435
475
470
500
525
545
550
545
550
550
750
1200
550
600
550
550
550
575
575
590
600
625
650
650
700
650
650
650
650
650
670
675
700

675
675
695
700
700
700
700
700
720
725
750
725
735
750
735
750
750
750
750
800
750
750
750
750
775
785
795
800
800
800
825
825
825
825
835
850
850
850
850
850
850
850
875
875
895
900
900
900
900
925
950
950
950
950
995
1000
1000
1000
1100
1100
1100
1100
1150
1150
1200
1200
1200
1250
1250
1250
1300
1350
1350
1400
1500
1500
1550
1800
2200
600
850
900

# condos

475
1000
1100
1300
1500

# houses

375
500
525
550
550
550
580
600
650
650
650
675
700
725
700
700
700
700
720
750
750
750
750
775
775
775
780
800
850
850
875
875
900
900
925
950
975
995
1000
1050
1100
1100
1200
1295
1500
1650
1650
1800
1889
2129
1950
2000
2700
3000
1575

