# apr 8 2001

800
890
925
920
925
950
950
950
1095
960
975
980
990
995
1000
1400
1000
1000
1000
1000
1675
1000
1025
1050
1095
1095
1100
1100
1075

1100
1100
1100
1100
1100
1125
1145
1150
1150
1150
1195
1195
1245
1195
1200
1200
1200
1200
1200
1200
1200
1250
1250
1250
1250
1250
1250
1250
1275
1275
1290
1490
1290
1295
1295

1295
1295
1295
1295
1295
1300
1300
1300
1300
1300
1300
1300
1300
1325
1325
1395
1345
1350
1550
1350
1350
1350
1350
1350
1350
1350
1375
1695
1775
2240
1230
2750
1380
1390
1390
1395
3660
135
1395
1395
3660
1395
1395

1400
1400
1400
1400
1400
2000
1600
1600
1400
1400
2200
1425
1450
1550
1450
1450
1450
1495
1450
1450
1450
1450
1450
1450
1475
1475
1475
1475

1495
1595
1495
1495
1495
1495
1495
1495
1500
1500
1500
1500
1600
1500
1500
1500
1500
1500
1500
1500
1520
1550
1550
1575
1595
3170

1595
1595
1595
1595
1595
1595
1595
1595
1595
1600
1600
1600
1600
1600
1600
1600
1600
1600
1600
1600


1600
1600
1625
5400
1645
1650
1650
1650
1650
1650
1650
1650
2000
1650
1675
1675
1675
1675
1675
1675
1675
1675
1675
1695
1695
1695
1695
1695
1596
1695
1700
1700

1700
1700
1700
1700
2000
1700
1700
1700
1700
1725
1750
1750
1750
1750
2450
1795
1795
1795
1795
1795
1795
1795
2450
1800
1800
1800
1800
1800
1800
1800
1800
1800
1800
1800
1800
1800
1800
1800
1800
1800
1800
1800
1800

1825
1825
1825
1850
1850
1850
1850
1850
1850
1875
1895
1895
1895

1895
1900
1900
1900
2950
1900
1900
1900
1900
1900
1900
1900
1925
1950
1950
1950
1950
1950
1905
1905
1900
1980
1995
1995
1995
1995
1995
1995
1995
1995
1998
1998
2000
2000
2000
2000

2000
2000
2000
2000
2000
2000
2000
2000
2000
2000
2095
2100
2100
2100
2100
2100
2100
2100
2100
2100
2100
2100
2100
2150
2150
2150
2150
2150
2195
2595
2195
2200
2200
2200
2200
2200
2200
2200
2200
2200
2200
2250
2250
2250
2250
1750
2250
2250
2250
2250
2250
2290
2295

2295
2295
2295
2295
2300
2300
2300
2300
2300
2300
2300
2300
2300
2300
2300
2300
2300
2350
2350
2350
2350
2350
2375
2395
2395
2400
2400
2400
3000
2400
2400
2400
2450

2495
2595
2495
2495
2495
2495
2495
2495
2500
4500
2500
3000
2500
2500
2500
2500
2500
2500
2500
2550
2595
2595
2600
2600
2600
2600
2600
2600
2600
2600
2650
2650
2650
2650
2650
2700
2700
2700
2700
3000
2700
2750
2750
2750
2750
2750
2750
2800
3100
2800
2800
2850
2875
2895
2900
2950

2950
2950
2975
2995
2995
3000
3000
3000
3000
3000
3000
3000
3000
3000
3000
3000
3000
3025
3050
3075
3100
3100
3100
3100
3195
3200
3295
3295
3300
3350
3550
3400
3495
3500
4700
3500
5500
6000
6700
13000
35000
3500
3550
3575
3400
3600
3600
3600
3600
3750
3800
3800
3900
3975
3990
3995
4000
4000
4000
4200
4200
4300
4500
4500
4500
4500
4800
4950
5000
5000
5500
5500
4000
6000
7500
6000
12000

# flats

1350
1395
1500
1595
1600
1695
1700
1900
1800
1800
1890
1950
1950
2000
2000
2100
2150
2150
2150
2195
2200
2200
2200
2200
2200
2250
2250
2300
2300
2300
2300
2325
2350
2350
2400

2400
2400
2400
2400
2400
2450
2500
2500
2500
2500
2500
2500
2500
2600
2600
2600
2700
2700
2750
2750
2800
2800


2800
2875
2900
2900
2900
2900
2950
2950
2950
2950
3000
3000
3000
3000
3000
3000
3000
3000
3100
3110
3195
3200
3800
3950
3200
3200
3200
3200
3200
3200
3200
3250
3250
3250
2295
3250
3295
3300
3300
3300
3300
3400

3400
3400
3500
3500
3500
3500
3500
3600
3600
3600
3750
3750
3750
3750
3775
3795
3800
3800
3800
3800
3850
3900
3900
3995
3995
3995
4000
4000
4000
4100
4200
4488
4500
4700
4800
5000

5250
6000
6500
7500
7950

# condos/townhouses

1595
1695
1940
2450
2500
2600
2750
2800
3400
3500
3600
4800
3750
3800
4000
4475
4500

# houses

1800
1800
1900
12000
1900
1950
1995
2100
2100
2100
2195
2195
2200
2200
2250
2250
2250
2250
2250
2300
2350
2400
2400
2400
2450
2500
2500
2500
2500
2595
2600
2600
2680
2700
2750
2750
2800
2800
2800
2800
2800


2900
2950
2950
3000
3500
3950
3100
3150
3200
3295
3300
3300
3495
3500
3500
3500
3600
3650
3900
3950
5500
3950
4000
4200
4500
4500
4500
4500
4800
4950
5000
5500
5500
6500
7000
7000
8000
8500
10000
11000
15000
15000
15000
