# apr 7 2002

590
790
650
800
650
650
750
750
790
795
795
800
800

800
800
825
925
825
835
835
835
845
850
1000
860
850
850
875
875
875
875
875
875
895
895
895
895
895
895
895
900
900
900
900
1400
900
915
925
925
925
925
1475
925
1100
925
950
950
950
1400

950
1250
950
950
950
950
950
950
975
995
995
995
995

995
995
995
1000
1000
1000
1000
1000
1575
1000
1000
1000
1000
1000
1000
1000
1000
1000
1000
1000
1000
1000
1025

1025
1075
1025
1050
1050
1050
1050
1050
1450
1050
1050

1075
1075
1090
1095
1095
1095
1095
1095
1095
1095
1095
1095
1095
1095
1095
1095
1095
1100
1100
1100
1100
1200
1200
1100
1100
1100
1100
1100
1100
1100
1125
1125

1125
1150
1150
1150
1150
1150
1150
1150
1150
1150
1150
1250
1150
1150
1150
1175
1175
1175
1175
1175
1195
1195
1195
1195
1195
1195
1495
1200
1200
1300
1200
1200
1200
1675
1200
1200
1700
1200
1200
1525
1200
1200
1200
1200
1200
1650
1200

1200
2000
1200
1200
1200
1200
1200
1200
1200
1215
1225
1225
1225
1235
1595
1245
1245
1459
1250
1250

1250
5600
1250
1250
1375
1395
1450
1250
1250
1250
2000
1250
1250
1250
1250
1250
1250
1205
1250
1250
1250
1250
1250
1250
1250
1250
1275
1275
1275
1275
1275
1275
1275
1290
1290
1295
1295
1295
1295
1295
1300
1300
1300

1300
1500
1300
1300
1300
1300
1300
1300
1300
1325
1325
1345
1350
1350
1350
1350
1350
1350
1350
1350
1350
1350
1350
1350
1350
1350
1350
1350
1350
1350
1375
1380
1380
1395
1395
1695

1395
1395
1395
1395
1395
1395
1395
1395
1395
1395
1395
1395
1650
1395
1400

1400
1450
1450
1400
1400
1400
1400
1400
1400
1400
1400
1400
1400
1400
1400
1400
1400
1040
1400
1400
1750
1425
1425
1425
1425
1435

1450
1450
1450
1450
1450
1450
1450
1450
1450
1700
1450
1450
1450
1450
1450
1475
1475
1475
1475
1475
1490

1495
1495
1650
1695
1495
1495
1495
1495
1495
1495
1495
1695
1495
1895
1495
1495
1595
1495
1495
1495
1600
1500
1500
1500
1500
1675
1500
1500
1500
3000
1500
1500
1500
2500
1750
1500
1500
1500
1500
1500
1500
1500
895
975
1445
1695
1995

1500
1500
1500
1500
1500
1500
1500
1500
1500
1500
1525
1550
1550
1650
1550
1550
1550
1550
1550
1550
1550
1550
1575
1575
1750
1575
1590
1595
1595
1595
1591
1595
1591
1595
1595
1591
1595
1600
1600
1600
1600
1600
1600

1600
1600
1600
1600
1600
1600
1600
1600
1600
1600
1600
1600
1600
1600
1625
1640
1645
1650
1650
1650
1650
1650
1425
1650
1650
1650
1650
1650
1650
1650
1650
1700
1650
1650
1650
2000
1650
1650
1650
1675
1674
1675
1675
1675
1680
1680
1680

1695
1695
1695
1695
1695
1695
1695
1695
1695
1695
1695
1700
1750
2000
3250
2200
1700
1950
1700
1700
1700
1700
1700
1700
1700
1700
1700
1700
1700
1725
1740
1750
1750
1800
1850
1750
1750
1750
1750
1750
1750

1750
1750
1750
1750
1750
1750
1775
1590
1795
1795
1795
1795
1795
1800
2000
2300
1800
1800
1800
1800
1800
1800
1800
1800
1800
1800
1800
1800
1800

1800
1800
1800
1800
1800
1800
1800
1825
1825
1840
1850
2500

1850
1850
1850
1850
1850
1850
2600
1850
1850
1850
1850
1850
1850
1850
1875
1875
1895
1895
1895
1900
1900
1900
1900
1900
1900
1900
1900
1930
1950
1950
1950
1950
1950
1950
1950
1965
1995
1995
1995
1995
1995
1995
1995
2000
2300
2000

2000
2000
2000
2000
2000
2000
2000
2000
2000
2000
2000
2000
2050
2050
2075
2095
2095
2100
2100
3400
2100
2100
2100
2100
2100
2100
2100
2100
2100
2100
2150
2150
2190
2195
2195
2195
2195
2200
2200
2200
2200


2200
2300
2300
2200
2200
2200
2200
2200
2250
3000
2250
2250
2250
2250
2250
2250
2200
2295
2295
2300
2450
2300
2300
2300
2350
2350
2350
2350
2380
2395
2400
3000
2400
2400
2400
2400
2400
2400
2400
2400
2400
2400

2400
2450
2850
2450
2450
2450
2472
2495
2500
2500
2500
2500
2500
2500
2500
2500
2500
2500
2500
2500
2500
2500
2500
2500
2500
2500
2550
2560
2600
2600
2650
2750
2850
2650

2195
2695
3395
3725
2700
2700
2700
2700
2700
2750
2750

2765
2795
2800
2800
2800
2950
2950
2950
2975
3000
3100
3200
3200
3200
3250
3250
3275
3300
3300
3400
3500
5000

3500
3793
3900
4000
4000
4000
4000
4050
4100
4295
4300
4300
3400
6000
5000
5250
5300
5350
5500
5500
5700
6500
8500
9750
9800

# flats

1200
1250
1300
1350
1395
1500
1500
1400
1300
1450
1495
1500
1500
1500
1550
1600
1600
1600
1600
2000
1650
1650
3300
1650
1675
1675
1675
1675
1695
1700
1700
1700
1700
1750
1750
1750
1750
1775
1800
1800
1900
1800

1800
1800
1800
1830
1850
1850
1850
1875
1900
1900
1900
1900
1950
1950
1950
1950
1975
1975
1995
1995
2000
2000
2000
2000
2000
2000
2000
2000
2050
2100
2100
2150
2150
2175
2195
2200
2200
2200
2200

2200
2250
2250
2250
2250
2250
2295
2200
2300
2300
2300
2350
2360
2360
2400
2400
2400
2400
2400
2400
2450
2450
2475
2500
2500
2500
2500
2500
2500
2500
2500
2500
2595
2600
2600
2800
2600
2600
2600

2600
2600
2600
2600
2626
2650
2700
2800
2700
2700
2700
2700
2750
2750
2750

2780
2795
2800
2800
2800
2850
2850
2850
2850
2900
2900
2900
2950
2995

3000
3000
3000
3000
3195
3200
3200
3200
3200
3300
3300
3300
3400
3400
3450
3450
3500
3600
3650
3750
3750

3800
3900
3950
4000
4100
4295
4500
5400
5500
6000
8500

# condos

1375
1500
1600
1665
1750
1850
2000
2300
2400
2500
2750
2500
2700
2700
2900
2900
3000
3300
3500
3500
3500
3900
3950
4500
7500
10000

# houses

1650
1695
1700
1750
1850
1850
1875
1900
12000
1900
1900
1950
1975
1995
2100
2100
2150
2200
2200
2200
2200
2250
2300
2300
2300
3500
2350
2400
2400
2400
2400
2450
2450

2495
2500
2500
2500
2500
2500
2500
2500
2500
2600
2600
2600
2650
2700
2700
2700
3000
2750
2800
2800
2800
2800

2900
2950
2995
3000
3100
3200
3200
3400
3500
3600
3700
3800
3800
3900
4200
4200
4250
4900
5000
5300
7500
11000
15000
13000
14000
16000





