# apr 6 2003

590
690
650
850
725
725
790
750
750
775
795
795
795
795
795
800
1050
800
900
800
800
845
875

845
850
850
850
850
850
850
850
850
975
850
850
850
850
850
875
875
1500
875
875
875
875
875
590
895
1050
1095
1150
1250
895
895
825

895
1050
895
895
895
895
1395
900
900
900
900
900
925
950
950
950
950
950
975
975
975
975
975
995
1300
1500
995
995
1195
995
995
995
995
995
995
1000
1000
1000
1000
1000
1000
1200
1000
1000
1015
1025

1025
1025
1040
1050
1050
1050
1550
1050
1050
1060
1060
1075
1095
1095
1095
1100
1100
1550
1100
1100
1150
1100
1100
1100
1100
1100
1125
1135
1150
10000
1150
1150

1150
1150
1150
1150
1150
1150
1165
1175
1175
1175
1175
1195
1195
1195
1200
1200
1200
1200
1350
1200
1200
1200
1200
1400
1200

1200
1200
1200
1200
1200
1200
1200
1200
1050
1200
1200
1200
1225
1225
1230
1245
1250
1250
1250
1250
1250
1250
1250
1250
1250
1250
1250
1250
1250
1250
1250
1250
1250
1250
1265
1275
1275
1275

1290
1295
1295
1295
1295
1295
1495
1295
1295
1295
1295
1295
1300
1300
1300
1300
1100
1300
1325
1350
1350
1350
1600
1350
1350
1350
1350
1350
1350
1350
1350
1350
1350
1350
1350
1375
1375
1375
1375
1380

1395
1395
1395
1395
1400
1400
1400
1400
1400
1400
1400
1400
1400
1550
1400
1450
1450
1450
1450
1500
1450
1450
1475
1475

1475
1475
1490
1495
1495
1495
1495
1495
1495
1495
1495
1495
1495
1495
1500
1500
1500
1500
1500
1500
1500
1500
1500
1525
1525
1550
1550
1550
1550

1550
1575
1785
1590
1595
1295
1450
1595
1595
1595
1600
1600
1600
1600
1600

1600
1600
1600
1625
1625
1625
1625
1650
1650
1800
1650
1650
1650
1650
1675

1675
1675
1675
1680
1690
1690
1690
1696
1596
1695
1695
1695
1695
1695
1695
1695
1695
1700
1700
1700
1700
1700
1700
1725
1895
2195
1725
1725
1725
1750
1750
1750
1750
1750
1750
1750
1750
1795
1795
1795

1795
1795
1795
1800
1800
1800
1800
1800
1800
1800
1800
1825
1850
1875
1895
1895
1900
1900
1900
1900
1945
1950
1950
1950
1950
1975
1985
1995
2000
2000
2000
2000
2000
2000
2000
2000

2000
2000
2000
2050
2050
2695
2090
2095
2100
2100
2100
2100
2100
2100
2150
2175
2195
2200
12500
2200
2200
2250
2300
2300
4400
2395
2400
2400
3000

2400
2495
2500
2500
2500
2500
2500
2500

2500
2500
2525
2595
2695
2700
2700
2700
2700
2750
2775
2800
2800
2900
2900
2950
2950
2975
3000
3300
3400
3500
3500
3500
3795
4200
4500
4900
5000
5000
5500
5500

5500
5750
6500
6500
8500
1100
1200
799

# flats

1300
1375
1400
1400
1450
1500
1500
1500
1500
1550
1575
1600
1600
1600
1600
1600
1600
1650
1695
1725
1750
1790
1795

1795
1795
1795
1800
1850
1850
1875
1895
1895
1950
1950
1995
1995
2000
2000
2075
2100
2100
2100
2150
2150
2150
2150
2150
2185
2200
2300
2395
2400
2400
2400
2400
2400
2475
2495
2500

2500
2500
2500
2500
2550
2575
2595
2595
2600
2600
2600
2600
2600
2600
2650
2695
2699
2750
2795
2800
2800
2800
2825
2850
2950
2900
2950
3000
3000
3000
3150
3250
3275
3500

3500
3500
3750
3800
3800
4000
4200
4200
4200
5000
5200
5500
5800

# condos

1650
1695
1850
1900
2800
2950
4950

# houses

1350
1500
1700
1800
1800
1800
1850
1850
1900
1900
1945
1950
2000
2050
2100
2100
2100
2150
2150
2395
2400
2400
2400
2400
2450
2500
2500
2550
2600
2700
2950
3000
3000
3250
3500
3500
3500
3950
3500
3600
4800
5000
5000
5500
6500
6700
6800
7000


