1906 , 84077, 8444, , , , , , , 
1907 , 100342, 16265, , , , , , , 
1908 , 111220, 10878, , , , , , , 
1909 , 117465, 6245, , , , , , , 
1910 , 125112, 7647, , , , , , , 
1911 , 131757, 6645, , , , , , , 
1912 , 139018, 7261, , , , , , , 
1913 , 144416, 5398, , , 0.1, , , , 
1914 , 149208, 4792, , , 0.101, , , , 
1915 , 153048, 3840, , , 0.102, , , , 
1916 , 156970, 3922, , , 0.11, , , , 
1917 , 159021, 2051, , , 0.129, , , , 
1918 , 159864, 843, , , 0.151, , , , 
1919 , 161761, 1897, , , 0.174, , , , 
1920 35, 163734, 1973, , , 0.201, 125, 10.50, , 
1921 , 166143, 2409, , , 0.18, , , , 
1922 , 172014, 5871, , , 0.169, , , , 
1923 , 180461, 8447, , , 0.172, , , , 
1924 , 189278, 8817, , , 0.172, , , , 
1925 , 199321, 10043, , , 0.176, , , , 
1926 , 208072, 8751, , , 0.178, , , , 
1927 , 217456, 9384, , , 0.175, , , , 
1928 , 223869, 6413, , , 0.172, , , , 
1929 , 227815, 3946, , , 0.172, , , , 
1930 , 230456, 2641, , , 0.168, , , , 
1931 , 233169, 2713, , , 0.153, , , , 
1932 , 234663, 1494, , , 0.137, , , , 
1933 , 235376, 713, , , 0.13, , , , 
1934 , 235667, 291, , , 0.135, , , , 
1935 , 236494, 827, , , 0.138, , , , 
1936 , 238463, 1969, , , 0.139, , , , 
1937 , 240508, 2045, , , 0.144, , , , 
1938 , 242934, 2426, , , 0.142, , , , 
1939 , 246102, 3168, , , 0.14, , , , 
1940 , 250877, 4775, , , 0.141, , , , 
1941 , 255257, 4380, , , 0.148, , , , 
1942 , 258686, 3429, , , 0.164, , , , 
1943 , 259793, 1107, , , 0.174, , , , 
1944 , 261260, 1467, , , 0.177, , , , 
1945 , 262863, 1603, , , 0.181, , , , 
1946 , 265234, 2371, , , 0.196, , , , 
1947 , 268555, 3321, , , 0.225, , , , 
1948 130, 271901, 3346, , , 0.242, 175, 105, , 
1949 100, 274572, 2671, , , 0.24, 125, 82.50, , 
1950 115, 277836, 3264, , , 0.242, 185, 60, , 
1951 100, 281157, 3321, , , 0.261, 175, 50, , 
1952 88, 282390, 1233, , , 0.267, 175, 50, , 
1953 80, 283621, 1231, , , 0.269, 143, 35, , 
1954 75, 285137, 1516, , , 0.27, 175, 37, , 
1955 77.50, 287081, 1944, , , 0.269, 170, 39, , 
1956 75, 288679, 1598, , , 0.273, 250, 38, , 
1957 85, 289988, 1309, , , 0.283, 225, 45, , 
1958 95, 291798, 1810, , , 0.291, 225, 50, , 
1959 115, 294027, 2229, , , 0.293, 275, 60, , 
1960 110, 295256, 1229, , , 0.298, 235, 60, , 
1961 115, 297135, 1879, , , 0.301, 275, 60, , 
1962 120, 300173, 3038, , , 0.304, 250, 68, , 
1963 130, 303107, 2934, , , 0.308, 305, 75, , 
1964 135, 307043, 3936, , , 0.312, 325, 75, , 
1965 130, 310497, 3454, , , 0.317, 275, 75, , 
1966 135, 313093, 2596, , , 0.326, 275, 75, , 
1967 145, 313867, 774, , , 0.336, 325, 80, , 
1968 165, 314645, 778, , , 0.35, 400, 75, , 
1969 175, 315112, 467, , , 0.369, 400, 85, , 
1970 200, 315372, 260, , , 0.39, 426, 107.50, , 
1971 205, 316312, 940, , , 0.407, 450, 110, , 
1972 195, 317162, 850, , , 0.421, 400, 105, , 
1973 215, 317815, 653, , , 0.447, 385, 120, , 
1974 220, 319495, 1680, , , 0.496, 425, 115, , 
1975 250, 321551, 2056, 441614, 5423094370, 0.541, 550, 130, 414715, 4835827560
1976 260, 322324, 773, 440498, 5792051735, 0.572, 525, 140, 453932, 5541516711
1977 315, 323804, 1480, 446824, 6334434056, 0.609, 650, 150, 489729, 6419653835
1978 310, 325005, 1201, 508424, 7513067243, 0.656, 625, 165, 586840, 8239290893
1979 375, 326407, 1402, 528041, 8403483289, 0.731, 850, 185, 639604, 9828044023
1980 422.775, 327259, 852, 553861, 9668389157, 0.829, , , 676834, 11401289862
1981 470.265, 327751, 492, 563506, 10797969557, 0.914, , , 694564, 12958363612
1982 536.751, 328298, 547, 551774, 11628517407, 0.969, , , 705381, 14485641519
1983 536.751, 329465, 1167, 547154, 12429122015, 0.998, , , 728741, 16241989495
1984 600, 330176, 711, 561880, 13289475500, 1.033, 1445, 375, 782642, 18551284553
1985 683.97, 331639, 1463, 564481, 14197798395, 1.069, , , 789845, 19785924073
1986 778.95, 332973, 1334, 566327, 15060386085, 1.086, , , 779739, 20557597234
1987 826.44, 334399, 1426, 568836, 15711358688, 1.125, , , 803165, 22286040398
1988 778.95, 336306, 1907, 571533, 16544183422, 1.17, , , 831504, 24546631266
1989 821.691, 338651, 2345, 582115, 17255905018, 1.226, , , 847329, 25975497454
1990 897.675, 340388, 1737, 580950, 18206304313, 1.29, , , 855543, 27677526419
1991 921.42, 342120, 1732, 570861, 19147767225, 1.343, , , 822732, 28352693793
1992 911.922, 342845, 725, 538348, 19183097194, 1.382, , , 801604, 29713635714
1993 888.177, 343133, 288, 531298, 19488299228, 1.421, , , 798212, 30364102749
1994 968.91, 344319, 1186, 526881, 20058525527, 1.456, , , 810745, 31719071999
1995 1016.4, 344720, 401, 528498, 20965394091, 1.498, , , 836998, 35496189653
1996 1253.85, 345403, 683, 543998, 22582561752, 1.541, , , 886405, 39732310515
1997 1491.3, 346128, 725, 559696, 24798503556, 1.576, , , 934096, 45448222883
1998 1871.22, 347002, 874, 574902, 27223158825, 1.597, , , 961528, 49419766691
1999 1866.471, 348287, 1285, 590391, 30318164358, 1.632, , , 975154, 59598226369
2000 1966.2, 350084, 1797, 609138, 35044909148, 1.689, , , 1030633, 78547461189
2001 2250, 351863, 1779, 586085, 35790834351, 1.735, 4800, 1195, 1002637, 66104434104
2002 1740, 354271, 2408, 547304, 32022607711, 1.759, 3800, 950, 905489, 57096280465
2003 1700, 356767, 2496, 532908, 31353901856, 1.798, 3550, 895, 852513, 56087804795
2004 1650, 358254, 1487, 520434, 32459354675, 1.845, 3400, 830, 845040, 59435145868
2005 1625, 360109, 1855, 524940, 34955970674, 1.91, 3500, 850, 854927, 62147377397
2006 1900, 362023, 1914, 536304, 37932234352, 1.971, 5200, 925, 877710, 67911728304
2007 2500, 364590, 2567, 556401, 41799789955, 2.02767, 6900, 1050, 896685, 74336267618
2008 2300, 367853, 3263, 573011, 43269507745, 2.11053, 6200, 1035, 906502, 73247228798
2009 2100, 371307, 3454, 549716, 40458651115, 2.0963, 5500, 995, 848938, 68191523704
2010 2084, 372537, 1230, 545721, 41671575557, 2.13967, 4600, 775, 842581, 75327919382
2011 2599, 372806, 269, 558990, 45096432102, 2.21575, 7250, 975, 866541, 82170032906
2012 2700, 374123, 1317, 586538, 48947973381, 2.26229, 7499, 900, 903053, 86622165054
2013 3100, 376083, 1960, 611717, 52477706483, 2.29324, 8700, 1100, 938114, 92475629194
2014 3300, 379597, 3514, 640378, 58836015201, 2.32771, 7595, 1000, 973668, 102606999591
2015 3500, , 150, , , 2.3181, 7900, 1000, , 
2016 3650, , , , , , 7800, 1450, , 
