# $6 is 2BR median rent from Chronicle, 1st Sunday in April of year, from
# http://sfrb.org/sites/default/files/FileCenter/Documents/1862-sfhousingdatabook.pdf

1960 1850 621 0 1229
1961 2360 481 0 1879
1962 3483 445 0 3038
1963 3552 618 0 2934
1964 4638 702 0 3936
1965 4253 799 0 3454
1966 3000 404 0 2596
1967 1297 523 0 774
1968 1406 628 0 778
1969 1365 898 0 467
1970 990 730 0 260
1971 1497 557 0 940
1972 1713 863 0 850
1973 1578 925 0 653
1974 2454 774 0 1680
1975 2495 439 0 2056
1976 1480 707 0 773
1977 1616 136 0 1480
1978 1375 174 0 1201
1979 1516 114 0 1402 435
1980 980 128 0 852 475
1981 780 288 0 492 525
1982 589 42 0 547 595
1983 1400 233 0 1167 595
1984 790 79 0 711 650
1985 1568 105 0 1463 750
1986 1507 173 0 1334 850
1987 1553 127 0 1426 900
1988 2011 104 0 1907 850
1989 2573 228 0 2345 895
1990 2065 433 105 1737 975
1991 1882 90 -60 1732 1000
1992 767 76 34 725 990
1993 379 26 -65 288 965
1994 1234 25 -23 1186 1050
1995 532 55 -76 401 1100
1996 909 278 52 683 1350
1997 906 344 163 725 1600
1998 909 54 19 874 2000
1999 1225 98 158 1285 1995
2000 1859 61 -1 1797 2100
2001 1619 99 259 1779 2400
2002 2260 73 221 2408
2003 2730 286 52 2496
2004 1780 355 62 1487
2005 1872 174 157 1855
2006 1675 41 280 1914
2007 2197 81 451 2567
2008 3019 29 273 3263
2009 3366 29 117 3454
2010 1082 170 318 1230
2011 348 84 5 269
2012 794 127 650 1317
2013 2330 429 59 1960
2014 3454 95 155 3514
