# year, year2, households in, in, households out, out
1990 1991 29957 41082 30020 48927
1991 1992 30416 41651 31322 50338
1992 1993 29701 40672 31155 50351
1993 1994 29076 39364 30410 48486
1994 1995 30084 39758 30359 48161
1995 1996 30625 39677 28072 43549
1996 1997 31722 40005 28445 44620
1997 1998 31548 40045 29708 45090
1998 1999 31386 39442 31355 47136
1999 2000 33306 41233 33230 50330
2000 2001 32429 39875 32802 49412
2001 2002 28425 36006 36993 54469
2002 2003 29084 37115 35552 53858
2003 2004 28178 36329 32847 51272
2004 2005 29205 37429 31061 48394
2005 2006 30653 38957 29365 45007
2006 2007 30050 38191 27562 41504
2007 2008 31267 39605 28336 41830
2008 2009 31146 40163 28113 41915
2009 2010 29655 38456 30312 45671
2010 2011 31563 40830 29276 44029
2010 2011 31563 40830 29276 44029
2011 2012 34834 49879 32345 48418
2012 2013 33928 44722 34054 51172
2013 2014 32291 42094 31822 47894
