
1920 35 15

1948 130 11
1949 100 14
1950 115 18
1951 100 55
1952 88 69
1953 80 71
1954 75 110
1955 77.50 170
1956 75 108
1957 85 237
1958 95 140
1959 115 218
1960 110 308
1961 115 318
1962 120 386
1963 130 454
1964 135 551
1965 130 592
1966 135 729
1967 145 393
1968 165 270
1969 175 267
1970 200 425
1971 205 479
1972 195 552
1973 215 622
1974 220 502
1975 250 683

1977 315 953

1979 375 570

1984 600 646

2001 2250 764
2002 1740 1073
2003 1600 632

2003 1700 497
2004 1650 5253
2005 1625 13322
2006 1900 3962
2007 2500 878
2008 2300 486
2009 2100 194
2010 2084 98
2011 2599 1381
2012 2700 2037
2013 3100 584
2014 3300 2147
2015 3500 1980
2016 3650 2282
