# from 2014 report

2004 2318
2005 5571
2006 2332
2007 3281
2008 2346
2009 752
2010 1209
2011 2033
2012 3888
2013 3168
2014 3834
2015 2982

# from 2017 report http://default.sfplanning.org/publications_reports/2017_Housing_Inventory.pdf

2016 4059
2017 6731

# from 2004 report

1985 1479
1986 2037
1987 2442
1988 2148
1989 1508
1990 1332
1991 987
1992 629
1993 1001
1994 948
1995 525
1996 1228
1997 1666
1998 2336
1999 3360
2000 2897
2001 2380
2002 1478
2003 1845
2004 2318

# from 1986 report

1986 2037
1985 1479
1984 1313
1983 1167
1982 1215
1981 1242
1980 1202
1979 1833
1978 2045
1977 1536
1976 1142
1975 1386
1974 4150
1973 3439
1972 3614
1971 1671
1970 99

# from 1972 report, offset by one year to bring into sequence with later

1973 3439
1972 3614
1971 1771
1970 85
1969 1229
1968 1270
