800
890
920
925
925
950
950
950
960
975
980
990
995
1000
1000
1000
1000
1000
1000
1025
1050
1075
1095
1095
1095
1100
1100
1100
1100
1100
1100
1100
1125
1145
1150
1150
1150
1195
1195
1195
1200
1200
1200
1200
1200
1200
1200
1230
1245
1250
1250
1250
1250
1250
1250
1250
1275
1275
1290
1290
1295
1295
1295
1295
1295
1295
1295
1300
1300
1300
1300
1300
1300
1300
1300
1325
1325
1345
1350
1350
1350
1350
1350
1350
1350
1350
1350
1375
1380
1390
1390
1395
1395
1395
1395
1395
1395
1395
1395
1400
1400
1400
1400
1400
1400
1400
1400
1425
1450
1450
1450
1450
1450
1450
1450
1450
1450
1450
1475
1475
1475
1475
1490
1495
1495
1495
1495
1495
1495
1495
1495
1500
1500
1500
1500
1500
1500
1500
1500
1500
1500
1500
1500
1520
1550
1550
1550
1550
1575
1595
1595
1595
1595
1595
1595
1595
1595
1595
1595
1595
1595
1595
1596
1600
1600
1600
1600
1600
1600
1600
1600
1600
1600
1600
1600
1600
1600
1600
1600
1600
1625
1645
1650
1650
1650
1650
1650
1650
1650
1650
1675
1675
1675
1675
1675
1675
1675
1675
1675
1675
1695
1695
1695
1695
1695
1695
1695
1695
1695
1700
1700
1700
1700
1700
1700
1700
1700
1700
1700
1700
1725
1750
1750
1750
1750
1750
1775
1795
1795
1795
1795
1795
1795
1795
1800
1800
1800
1800
1800
1800
1800
1800
1800
1800
1800
1800
1800
1800
1800
1800
1800
1800
1800
1800
1800
1800
1800
1800
1825
1825
1825
1850
1850
1850
1850
1850
1850
1875
1890
1895
1895
1895
1895
1900
1900
1900
1900
1900
1900
1900
1900
1900
1900
1900
1900
1900
1900
1905
1905
1925
1940
1950
1950
1950
1950
1950
1950
1950
1950
1980
1995
1995
1995
1995
1995
1995
1995
1995
1995
1998
1998
2000
2000
2000
2000
2000
2000
2000
2000
2000
2000
2000
2000
2000
2000
2000
2000
2000
2000
2000
2095
2100
2100
2100
2100
2100
2100
2100
2100
2100
2100
2100
2100
2100
2100
2100
2100
2150
2150
2150
2150
2150
2150
2150
2150
2195
2195
2195
2195
2195
2200
2200
2200
2200
2200
2200
2200
2200
2200
2200
2200
2200
2200
2200
2200
2200
2200
2200
2240
2250
2250
2250
2250
2250
2250
2250
2250
2250
2250
2250
2250
2250
2250
2250
2250
2290
2295
2295
2295
2295
2295
2295
2300
2300
2300
2300
2300
2300
2300
2300
2300
2300
2300
2300
2300
2300
2300
2300
2300
2300
2325
2350
2350
2350
2350
2350
2350
2350
2350
2375
2395
2395
2400
2400
2400
2400
2400
2400
2400
2400
2400
2400
2400
2400
2400
2400
2400
2450
2450
2450
2450
2450
2450
2495
2495
2495
2495
2495
2495
2495
2500
2500
2500
2500
2500
2500
2500
2500
2500
2500
2500
2500
2500
2500
2500
2500
2500
2500
2500
2500
2500
2550
2595
2595
2595
2595
2595
2600
2600
2600
2600
2600
2600
2600
2600
2600
2600
2600
2600
2600
2600
2650
2650
2650
2650
2650
2680
2700
2700
2700
2700
2700
2700
2700
2700
2750
2750
2750
2750
2750
2750
2750
2750
2750
2750
2750
2750
2800
2800
2800
2800
2800
2800
2800
2800
2800
2800
2800
2800
2850
2875
2875
2895
2900
2900
2900
2900
2900
2900
2950
2950
2950
2950
2950
2950
2950
2950
2950
2950
2975
2995
2995
3000
3000
3000
3000
3000
3000
3000
3000
3000
3000
3000
3000
3000
3000
3000
3000
3000
3000
3000
3000
3000
3000
3000
3000
3025
3050
3075
3100
3100
3100
3100
3100
3100
3100
3110
3150
3170
3195
3195
3200
3200
3200
3200
3200
3200
3200
3200
3200
3200
3250
3250
3250
3250
3295
3295
3295
3295
3300
3300
3300
3300
3300
3300
3300
3350
3400
3400
3400
3400
3400
3400
3495
3495
3500
3500
3500
3500
3500
3500
3500
3500
3500
3500
3500
3500
3500
3550
3550
3575
3600
3600
3600
3600
3600
3600
3600
3600
3600
3650
3660
3660
3750
3750
3750
3750
3750
3750
3775
3795
3800
3800
3800
3800
3800
3800
3800
3800
3850
3900
3900
3900
3900
3950
3950
3950
3950
3975
3990
3995
3995
3995
3995
4000
4000
4000
4000
4000
4000
4000
4000
4000
4100
4200
4200
4200
4200
4300
4475
4488
4500
4500
4500
4500
4500
4500
4500
4500
4500
4500
4500
4700
4700
4800
4800
4800
4800
4950
4950
5000
5000
5000
5000
5250
5400
5500
5500
5500
5500
5500
5500
6000
6000
6000
6000
6500
6500
6700
7000
7000
7500
7500
7950
8000
8500
10000
11000
12000
12000
13000
15000
15000
15000
35000
