1975 441614 5423094370
1976 440498 5792051735
1977 446824 6334434056
1978 508424 7513067243
1979 528041 8403483289
1980 553861 9668389157
1981 563506 10797969557
1982 551774 11628517407
1983 547154 12429122015
1984 561880 13289475500
1985 564481 14197798395
1986 566327 15060386085
1987 568836 15711358688
1988 571533 16544183422
1989 582115 17255905018
1990 580950 18206304313
1991 570861 19147767225
1992 538348 19183097194
1993 531298 19488299228
1994 526881 20058525527
1995 528498 20965394091
1996 543998 22582561752
1997 559696 24798503556
1998 574902 27223158825
1999 590391 30318164358
2000 609138 35044909148
2001 586085 35790834351
2002 547304 32022607711
2003 532908 31353901856
2004 520434 32459354675
2005 524940 34955970674
2006 536304 37932234352
2007 556401 41799789955
2008 573011 43269507745
2009 549716 40458651115
2010 545721 41671575557
2011 558990 45096432102
2012 586538 48947973381
2013 611717 52477706483
2014 640378 58836015201
