1975 414715 4835827560
1976 453932 5541516711
1977 489729 6419653835
1978 586840 8239290893
1979 639604 9828044023
1980 676834 11401289862
1981 694564 12958363612
1982 705381 14485641519
1983 728741 16241989495
1984 782642 18551284553
1985 789845 19785924073
1986 779739 20557597234
1987 803165 22286040398
1988 831504 24546631266
1989 847329 25975497454
1990 855543 27677526419
1991 822732 28352693793
1992 801604 29713635714
1993 798212 30364102749
1994 810745 31719071999
1995 836998 35496189653
1996 886405 39732310515
1997 934096 45448222883
1998 961528 49419766691
1999 975154 59598226369
2000 1030633 78547461189
2001 1002637 66104434104
2002 905489 57096280465
2003 852513 56087804795
2004 845040 59435145868
2005 854927 62147377397
2006 877710 67911728304
2007 896685 74336267618
2008 906502 73247228798
2009 848938 68191523704
2010 842581 75327919382
2011 866541 82170032906
2012 903053 86622165054
2013 938114 92475629194
2014 973668 102606999591
2015 1017071 115325372474
2016 1046049 123484418547
2017 1071733 135868730138
