1913 10.0
1914 10.1
1915 10.2
1916 11.0
1917 12.9
1918 15.1
1919 17.4
1920 20.1
1921 18.0
1922 16.9
1923 17.2
1924 17.2
1925 17.6
1926 17.8
1927 17.5
1928 17.2
1929 17.2
1930 16.8
1931 15.3
1932 13.7
1933 13.0
1934 13.5
1935 13.8
1936 13.9
1937 14.4
1938 14.2
1939 14.0
1940 14.1
1941 14.8
1942 16.4
1943 17.4
1944 17.7
1945 18.1
1946 19.6
1947 22.5
1948 24.2
1949 24.0
1950 24.2
1951 26.1
1952 26.7
1953 26.9
1954 27.0
1955 26.9
1956 27.3
1957 28.3
1958 29.1
1959 29.3
1960 29.8
1961 30.1
1962 30.4
1963 30.8
1964 31.2
1965 31.7
1966 32.6
1967 33.6
1968 35.0
1969 36.9
1970 39.0
1971 40.7
1972 42.1
1973 44.7
1974 49.6
1975 54.1
1976 57.2
1977 60.9
1978 65.6
1979 73.1
1980 82.9
1981 91.4
1982 96.9
1983 99.8
1984 103.3
1985 106.9
1986 108.6
1987 112.5
1988 117.0
1989 122.6
1990 129.0
1991 134.3
1992 138.2
1993 142.1
1994 145.6
1995 149.8
1996 154.1
1997 157.6
1998 159.7
1999 163.2
2000 168.9
2001 173.5
2002 175.9
2003 179.8
2004 184.5
2005 191.0
2006 197.1
2007 202.767
2008 211.053
2009 209.630
2010 213.967
2011 221.575
2012 226.229
2013 229.324
2014 232.771
2015 231.810
