# https://research.stlouisfed.org/fred2/series/CUURA422SA0L2#
# Dec 1 from each year

1975 56.200
1976 58.700
1977 63.200
1978 68.700
1979 76.800
1980 85.500
1981 93.100
1982 97.500
1983 100.300
1984 105.700
1985 107.300
1986 108.100
1987 113.600
1988 118.300
1989 122.900
1990 130.700
1991 135.500
1992 139.900
1993 142.500
1994 145.500
1995 147.600
1996 150.300
1997 154.300
1998 155.300
1999 160.100
2000 166.800
2001 167.100
2002 169.900
2003 172.500
2004 178.500
2005 183.100
2006 190.100
2007 199.192
2008 196.699
2009 205.327
2010 209.946
2011 216.100
2012 220.008
2013 223.727
2014 226.038
2015 229.121
